’ 12101

12101, 7

ιΘΕΟΣ.

Ι1.24,512 1201111111 12101011ρ11ν1ο1ν1ς.
24, 577 441101 1111 1111 1210111 1011111.
511.1,7 1111κο1ρ1ς 12101 111111 1111111,

1,171111111111110 12101 01111111
νὲ1σ12111

1‚19 1111110111, 12101 12121101ρο11
ἅποιν11ς,

1,19511111111 12101 1111111110οσ1 111-
,111112κο11

1,22211ν1ι11 11 12101 νώνυμνον
ὅπ1σσ111

1, 2341111111 1111110110 12101 κακοὶ
1ι111111111111ς,

1, 244 51111 210111101111111111101.

1273111111, 12101 1111111111111ροι
1111111111

’,1 384 1111σ1 διδάσκουσιν 121011 ου 101

21125 111011121σο1 11121101 12101 ¹

111111
2,211 111111 1111ρ 101 1111101 12101 1111

3, 255 1010111111 12101 11111111ιινπο1ρ11-
12111ν,

3 258 1010111011 1111111001 12101

11111101
3, 228 055³ 11 12101 111ς 1121101111
3235 1111011011 01111 1210111ρ
3345 1111 5121111101 12101 1211101,
3, 375 ν1111 1511112101 πο11π111ς 111ον1111.
4,7 1011111 111 12101 1111101111
1121101.
4,12 11111111 111 12101 11111101 οὐκέτ’
1111111101,
4,135 111111ρο 12101 111111111111111113111
4,353 1111101110 3101 111111111ο12111

519ka 1181111.

4, 3511 1111101112 1111011 ὶ-’χον 12101, 011111

43711 11111- 12101 111 11 11111101
111οσ111-

4,4581111’-’ 12101 111 11 πι1ν1ι1
11110111-

14811 5111001101111115ν 12101, 11ν 011 11.
4, 525 11111 111 12101 οὖρον στρέψαν,

1111148115 011111 1110112101 111111ζ1110111ς
5,12) 01 1111210112101011111111112111101,
15,7 5110ae 1101101ρ1ς 2101 αι’ὲν
ἓόν11ς,
5, 79 01111111111ς 2101 111111101σι π1-
11011111
5,1 18 13χέ11101 1111, 12101, ζ11111110111ς
5,122 1111111021 12101 11110 ζ1110111ς,
5,1211 11111121, 12101, βροτὸν 511595
Ἰ π1ρ1ῖνι11.
5,155 111111 210111 1121111111, 101
5 285 1111110111110111 12101 11111111
5, 397 1111111 12101 1111111111ος 11010111·
(1,411 τέρπον1111 11111111ρ1ς 12101
’ 11111101 11,
5,174 1101111 12101 1111101101 πάρο112111.
5,1811 101 11112101 111011 110111,
7,148 τοῖσιν 12101 5112101 110111
7,21111 1111111111 12101 περ111111111-
1111111101.
7,251 111 πάρος11 1121111 1101101111
ἐναρ111ῖς
1, 242 1101111 1101111 12101 Οὐρανίωνες

7,2541111101 11Ὠ11111111ν 11121σσν
12101, 111211

8,157 05 πάντεσσι 12101 χοιρ11ν1α
515051511
83115 11011ορ11 210111111111111,

8, 321 01 11ὀῖ 111ρον10121011101111111-
1031111111·

8 325 11111111 12111 προθύροισι 12101,
21111112ι1ρ1ς

8341 111111 12111ορ111111112101, πᾶ-
001111

‘ 8411) σο1 11112101111111111111111111

8, 413 χοῖρε, 12101 111 101 11111111 11011ν,1
8, 579 1111 111 12101 11111 τεῦξαν,

9, 15 710115 11110011 12101 011ρ1ι11ι111111ς,
11, 4711 Ζ111ς 1101110 1111112101 1111101.

1113115 11111111 111 111110110110112101·
11111πό11

 

