3101, 31111.

311111, 11

ΘΕΟΣ.

Η111111.Ι.11111011.511’11 1111111111,
310111 σ’ ⁶7 111111

— - 3111α1111113101,11α11α111
— - 335 Τ1111111ς 113101, 1111
- - 3311 111111311111113111111
- ΙΙΙ, in Vener. 217 4, 11 11111-
740771 3101 11111.
-1111116111111, 444 1111111111 111
3101 3111 11111111 4747477

— — 2251α1α10101, 31111111 101
11131 α 1111110111.

- XXI. 1111111111 1Ἐ11101111α11,

3101 111 1111 ἐδάσαντο,

311101.
ll.1,8 Τίς τ’ 47 (1110131111 1111111 ξ,
4 1,ἶ1311 1111111131111 1111011101, 1111111
11 1

1, 544 1101011111α, 311 111 1111111011-
11110 110111111ς

¹ 4, 544 77777 1111111111 11 3111711 11

1518111111 31111 1111111101 111111
εἴσεται,

1,519111111111131 31111 1311110111
11111111,

2321111111ρα 31111 1111113 477-
1111111111,

21116 ’1111111 1111131101 01111 1111111011,

3, 65 1σ11 31111 47174444 4474,

3215 11111 0111111 31111 11111101 ὅρκια
11111111,

3 2611 01111α 1111113 311 1111 σύναγον,

o, 345 1111111 11111) 4777) 1101011001
α, ος

3166101111, 31111 1131111111 11-
11113110·

1, 68 πατὴρ (1111111111 1131111 11·
1, 3118 1111011111, 31111 1111111111 111-
31111ας.
1,111811111111111131111 καὶ Ζ111111
, 5, 61 11111 01111 311111 113111111α1α 11111.
5, 367 1111111 1111113 11111110 31111
1ος,

1111111011, specimen.

ΙΙ. 5, 126 11α1111111111111111131111 11,

5,1121131131101 11 31111, χαμαὶ
1 .

5,6113 11ς11131111,3ς111113111.

5, 753 110111 1101α 311 101 4777 11111101
311101,

5, 772 Υ1111311111111011111 311 1111 ὑψηχέες
· · 1111101.

5,868 καρπαλίμως 4' 111111131101
1 OG,

5, 8311 1131110111 1101 111111 311 101, 01

5 8117 ἐξ 1111011 11 311111 111110 444'
0111111101,

6, 474 βῆ Λ1111111131111 1111011111-
11011110111111·

6,]83 1111111111, 31111 1111111111
11311111·

7, 53 111’11111111111311 01α11111111111101.
7,11511 1011111 31111 1111111111111111α,
8, ⁶) Ζ1111 11131010111111111011111110

8,Ι11 (1111111131 3131131101111
10111111

8,17 11101 11111 31111 1011111111ος
α111111101

’ 8, 27 11111111111131111,1111111’1111 4.

8111 11111111 1111111111 11 31111 11,
8132 1111111 1111111111 1131111 11.
81311 1111011313111’1ξ1’11103111111111.

11, 1511 1111110111 31111 11310101
3111111101

11575 1111111111 44 31111 111111ας
ἀρίστους,

¹ 11, 74 0111 747 11031111 1111011111 1α11

44, 182 11α11111 4747747 11 3111111

11366111 καὶ 11101111 31111 1111-
1011103111.

11, 761 1111111111 111χ1131111111 311111

11, ,

11110110· 311111 4' 01111111 11-
101110

211,6611111111 31111, 01131110
11111111·
11

111

 

