8088014548414458 1108881848881
3130111311,

ΘΕΟΣ.

111111,

1.(11111

ΘΕΟΣ, ¹

ll. 1,1781,11111 111111 nov 11111 1111Ι
1111111111

’1,516 ἀτιμοτάτη θ1ός3 11111.

2, 318 1111 1111 (111111111111111111131111,
ος11111

2, 438 11 1111 θεὸς 1111111111,

32311 111 11111111113111ς 111ς,

3, 381 111111 111113, 111111 11111ς’ 1131111111

4, 58 καὶ 789 131111 3111ς11111,

4 544 δεινὸς 883² 11111111) ’1111111111

u

η 5, 78 1111111111, 31111113111111111
11111111·

5, 123 111 113111ς 11111111111111ς11131111
11111111,

5,177 εἰ 1111 113111ςέ1111,

5, 483 11111’,11’3111ς 111111.

5, 1111 131111111111111 31111 1111111 13111
11111111

5, 331 111 888881' 1111 3111ς, 111111

11228111113111ς1-11111111,

7,4 = 111ς 111 3111ς1111111111111. 1111111111

7, 283 11111 1111 [11131113111ς 111111311ς 11

8,7 111111 11ς11131131111111 3111ς111111,

8445 11 111 11111 1111111111 3111ς
1111111ς,

111,331111111111,3111ς11331υς 111111 11111111
111, 511 '9988' 11111111 1111 911ς3111

1111111111, specimen, =

11. 1115116111 1111111 111111 31111’ 1111-
βολήσαςς
1115611111 31111 13311111
11, 58 11ς Τ111υσ1, 31111111ς,111111
13, 82 11111 111111 θεὸς 1111111111 11111111.
13218 11111111, 31111 j8¹88 111111
11111111

13 ,231111 11111 11111111 11111ς3 1111
1111111111 1111111111

13, 727 1111111 31111 111111111111111111, -
13, 7311 1111111 31111 1111111 11111111 111111 11·

13, 743 81 1133111111 3111ς111111111
898899,

11112311111111111, 11111ς1311111111111-
1111111

1, 488 1111111111311111111ὀς 11111111,
15, 473 13111111111311111 θεός, 3111111111
48, 534 11111111 111111ς 8889 εὐξα-

1111111111.

117211ι 11 11131 11131111 11111 3111131 1111
11111111 13111311 1111.

17, 82 11 11111 1113111 11111 311113 αιι
11111111 1111111111·

47,88 111 11 31111 11111131,
1711881111 11311111 11111ς 1111111111
1111111111,
1833111111111 1111 1111111111 θεός
111101 ’·
1

 

