8 ¹· 3704

911. 19, 396 3777 70407· 3704 44 77 444444 44

44707707.
4 1,139 44ρ44444 4047470007 94444’ 4444444.

Ι1,274 474770070 3404 34007 444-
39747707077.

11,5.55 74 44 4444444 94444 340777
4ρ44444444444,
4261 4ας 44 3404 μμ’καρες κα-
4444444444.
12349 4774 7'' 414444444444494444 4444444.
12, 371 μάκαρ4ς 3704 0447 ἐόντες,
12, 377 μα’καρ4ς 3704 0447 441444ς, ·
12, 394 44444444 3704 74900 77904-
44444444·

12, 448 4444444444 ἒς ’4244444444 4444444444
3704· 4730

7340 7477777 3704 44“” 0977777 444444-
(144444

13141 0477 0’ ἀτιμάζουσι 94444·
4444444444

13321 444444 444 3704 4444444444
4444444444·

14, 39 44444 94444 44444444 44444444 44
44, 53 4444 434777707 3704 44407

7747 44 749 44444444 3704 7074
740707 447 7047,

4483 07. 4970 37047 44άκαρ4ς4444-
4c0770771,

14119 καὶ 43470707 3704 444 07,

14,175 4444 44444 39477073704, 4974.

7007,

44, 318 4444444444 4444 4747 44 44444444 434444
04004

44, 357 44444 l'²³4 4-’κρ444444 3704 04704

44, 397 774970907 444444444ρ444443444
704

1.5,26’ 44ςόκ4 444 4444444444 94444 κ4444ρ444

15,3’424” 4444ρ44 4444444444 444444ρ4ς
94444, 07

114161 444444444444 3794 4444444444
47097 4ἴς

’“16,364444ς 444444 47499 3704 κακό-
777707 4444444441

3704.

0002.

4474. 46, 495 44 ’444 κ 4707970770407 3704,
44444 40003777
ss '44

17, 271 444 αρα 4444444 3794 004770777
477749777
17475 4444444444- -3704 4444 Ἐρα-
4444ς 444444, q
47, 485 καί 44 3704 4444444444 444444144ς

18,Ι9 4407 744 3704 7744400077·
444444ζ4444.
18112 καὶ 434777707 3704 44407,

18133 4779' 44444444 0094707973704,
κ44

18134 44444 37047 μα’καρ4ς 44-
44070077,
18189 44 4444 7749 44444444 3704, 704

24467 77707 70777077 747 7734007
3704· 07 4⁷

214169 44444444, 944444444444444 44444444,

2441954414. 444444 4444444444 7040-
444444444444ς

23,11 77497777 σε 3704 340777· 4477-

23219 4444444444· 9444 ‹4‘ 4444444444
4¹44,

23258 4774 49 07 3404 770477007 ⁴
4740307

23 286 4444ρ44ς 444 94444 774400077
ἄρειον,

23, 352 24444 44444444 444 3707 44407
24, 64 434707704 44 3704, 37777047’
24,3”5144’ 4077 3704 7074 μακρ444
’0444 44444044,
24, 4111 44'077470707, 3704 744 α’ 444444444-
44444 4444444, Ἰ
24492 70497, 94444 744 707 4444444
4444444.
24, 5144 77774977 44444, 3704 774407,¹
1344114411. 191 774775747770307, 3704,
4444 44444444 4947777,
-ψ -« 199 444 4⁷ 047² 4444444944 70
37 04 44407

Hymn l.' 717 Apoll. 2444 44 37047074
74077777 24464

 

