Α ὅ 3301.
&EGE-¹

14 9, 278 3233333030 3303 33030 4444-
33313733,

3 ,333 449 333 33300( 3303 33333
17356 333733333- 3301 3 ἐτέλειον
ἐπαράς,
9 9493 4 9444 4444 ,73033 0407 33333-
‘44407
9, 497 0333030331 44 444 3301031301,
3, 535 44404 33 3303 3013333332 330
3333313333
3637 333 03333300( 3301 330333
11,75 744944447 3301, 377333 17333703
12, 173 3333370330· 3303 4’ 3303331030
3033333

12, 234 47744744 3303 994'7944 33730033
(33 301,

13, 72 3333333030( 33 3301 7449
13, 525 3331330303 3303 947447,
13,1213Ζ3331333 33333 3303 3770(

3113333330 3303 994744944 κο-
3300033·

44, 274 01 4449444 3301, 11033033
33, 231 74749479404794 3301, 474944 44

44 363 494 949 30330131031730003
4447907.

15, 21 944474447 44 3303 330333 3333-
7947 07.
15,1111 3333330303 33333331Ι 494 99 ,1303

45,225 4'74'974944‘ 3303 3301, 4494707
’16381 03ς 123371313303 331003
16, 443 447449 4944474‘09 447 3303 444 44.

16, 633 033 49 03 3301 3313033733

*3373003333

16, 867 03ς123373313303 4447447

¹ 17,135ι 4 01 3303 04494774'44744
48,8 744 303003 3301 333333 33333333
18 83 33 447447 713301330033,
18,116 94⁷ 3733733330( 3301 (17.703
13,111’1 33313333ς 74 3303 3337033133

393263133013301 37330 30133

32301, ’

2733733. 33333 3303, 31130 30-

11.211,ἒ7’

9447 ἔχοντες·
’23,31 33333303·333013·ιο333ι73” 300033,
211, 53 μάκαρες 3303 333333303333, ¹
211, 65 33133 0333330003 33013333).
23, 74 7944'047477 3301, 474944 313
23, 75 ’32ςο33333333013133,3033

23131 3333733303 373 3303 3333133030(
3303333313.

211, 133 13330, 7444 3301 44404,

- 23, 133 1373303330, 3303 3301 37703.

211, 233 44799449744740 3303 3213* 07300-
3030313,
21,215 0333330000( 3303 0337301.
21,263 33330· 3303 44¹ 33333ιέ3333-
90444.
4454ss 1130333 3303 037333 ἐόντες, ,
22, 166 33333003· 33013313 74 7447744
4947770.
22173 (3333333033, 3303, 3301 949-
33330033,
22, 181 7747744 ἐπαινέομεν 3303 444474.

22 ,237 49 944 3303 3330333333 κά-
7300οι3·

22, 366 94 3133133333·οι 3303 44404.

22 ,379 7474 474944 3301 30333103-
0333313303033,

236513 001 44 3301 3333331 4774
χάριν 94. 3,

23, 23 μάκαρες 3301 444090'447744,

24, 33 23137301 4474, 3301, 4949—
9407444 ·

23, 33 21337331, 3301, 31037 404¹ 33333-
9997497,

24, 62 44'774444034, 34094 3033 9404·

23, 33 0 (333033ς 944747994 3301033333
ἐόντες

3, 322 94474944 3303 33103 33303,
23525 47447444474770 3301 33370103
3130301033,

23, 534 47949'4 3301 3333033 313703
4494 =

 

