81141,

8111, 811ῖ1, 81114. 3

(4402.

1411 14, 445 4114111111, 814ς144 1111411-
14114 1414411,

14, 2445 1141141141111111, 81414111, 14111
’ 41111111,
4 227 1411111 8141 114 111111181411114

14,2424144111111 814114 4'44'44404444
Ἀχαιούς

14,3448 411111111111411411 8141444 1111114114-
4440 1141111,

14 444 1114111111· 8141 44 1411411
44,444,

15, 188 44 113411141441111114181411111111,
144178 1141441111111, ,4444 49'44444‘44,
444, 483 44 1114411 744 81141 4004,

444, 487 044444 404 81141 14111·

444, 187 411 114, 8141114141411148141
47,218 141411 814ς 114ς14144111ῐ111,

1438811141 1141144141 1144111114,

47, 484111 474 11114 744 477004444404
8141111114

48, 37 14111 1111111114 447 81414111141111411
182445 14 444 1414141111 θεός, 4’44444

49, 4111111111 744 8141 444404,

48, 38144 1411111 11· 8141 44¹ 04 114141
41411111,

19, 480 111114 111 8141 41411181 81111111,
48, 488 14 χ’ 477¹ 4111414181414111114111
18, 4844 44¹ χ’ 14114 11414181414111114111
244, 47 1411411 41414 8114111111,
28, 344 1111 1114118141 1141411111,
24, 1814 11114 744 8141 11141414141141111,Ι
21, 243 14114414 41114118141 4111114111
24, 288 411148114481414141111111411ς,
22 34111114· 8111 141 11111 11111111
0444444
22,428 τῇ 444 814ς411111411111111111
¹ 23,185 411 1141 81411141414111481411
23, 222 4444 4’ 44404 ῥέξαι 8141 1411111114
23, 2148 1114 111814ς 1111811411 81111111,
24, 447 1484141111 44 8141 1114
4814111111, 87 4111 8141 41411111 1411111·

Hymnl 1411144. 4374411 11118141

44'4440' 111411 84118411

- 44 111 44111111· 54 1114414111·
814114 11114 11114 44 14114114,’

-4-54 0444 1411 4¹44 181 8141
8111, 11111 11

— - 5442 1114141111 814114ι 11114
1144411 11111114,

-Π111111111.1191411111111141 “
4444'

— —- 48744 111111, 141 8141111811·

- XVIIL' 11141111 32 4181411,

404 8141 141,

42111144 111 4114111111 43 7444 4404
³ 8141 1141111111,

81141.

Π. 4, 28 1114111111 1111 1114111111 811ΐ1,
4, 383 74 4⁷ 4111141111 1111141111

5,338 14141 1414114111111 1141111 81141,
’,48 58 8141 1441114411, 1411811141.
244288 4111411111, 4131181141·
24, 465 4114411111, 4141181114·
24, 258 81111114 παῖς 4111111111, 4444

811ΐ1·

4411. 2446 ,4447’ 444404 444444 81111,
3, 344 1111’ 411111 444447 81141.
4834 41111, 811414 11 1441111 11441411,
5, 483 11117 ἴχνια 141411 811141.
5, 458 11114 4¹0 1111111111·
7,38 4447’ 4111111111 811ῖ1.
14, 327 4111111411, 1411111111 81141
48, 286 1841111411, 4111181115

81114,

ll. 5, 478 1114111111 41 8111141111111111,
4118511141 444 14111181 81114 4444

1111411111,
44, 184 1141111181111441111114νέ141111,
15,2744 11111 81114 14441411 11441114.

4418444 1241111411 44 8118411141]
1,

 

