2 9161,

9111.

911οΣ,

‘Il 1,921 11111111 311191311111111,

19, 99 ῥέξαᾳης 91111 11111 1111111
11111117.

19159 111 94 9131 1111111111 1111111

19119 111111 91111 44 11111111

29199 11 94¹ 9111111111

211139 944 444 111 11111111111111 91111
121211

29, 358ry 1111111 9111191111111111,

21 ,111” 11111 91111, 1111111111

21,17 1111111 Ἀχιλλῆος 911111111-
1111111, .

219311911111

21 ,248414 11111111 91111, 111111
221 19 1111311, 11 9111111111,

22, 295 9 404 1111111 91111· 11111

21, 99 11111111 111111 91111,1 1111111111
21, 25911 91111111 1111 1111111111,

2119911111 11111 91111 1111111111
49444144494,

215391111111111111 444 9444 91111

444941,

911 2, 262” 1 191ζό1 91111 1111911

3,]31444,4‹444 91111 9’ 1111111111
Ἀχαιους·

3,1591σ111111111111191111 111111111111
1111111111

3193 11111111 11111111 91111 111οέ111111
11111111.

3 231 11111 9111111911111111111111,

1,191111111131111111111911 9111
αὗῖόζ

4, 239 1191 9811 4'4'44444 111111

13971111111111111 4 4441 91111
11111117

1,712’1ι 111 1111 91111’ 1111111111
1, 931 111111 944 9111 11111,

5191 1ξ111111111111111111111111 91111
7499
71

9,]19” 11111111· 911111111111111111-
1111 111111.

9159 44³ 11111111 91ός’ 11111,

911. 9, 299 1111 1111111111 91111 111911,

711 1111 ἐϋπλόκαμος, 1111111 91111
, 11111
7,216 1111111 91111· 0494 111
7, 255 1111111 91111· 11111 11111111,
7, 2911 1111111111 91111 κατ’ 3111111111
χ11111.

111 91111 11111 1111111
1111111111 11,1

9179111111 911111 1111111111 111111
1111111·

9177111111 91111 1111111·

9199 111111111191111111119111111
1111 11

9, 11 111111

9579111 94¹ 444 9111111 1111111111,
9112 καί 111 91111 1111111111111
9159 11111111 11” 1111111 911111 111 1111111
4494
933911 1111 9111191 1111111111.

19,139111111111111,11111111 91111,
1113111111,

19, 141 καί 111 91111 11111111111111
9 229 11 91111 444 44414·
19 25511 9111111111111111·
11,9 1111111111 111, (1111111 91111,
444944445944
11,19111111 94¹ 1111 3111111111911111
91111·
1,1,219111111111 91111 (1111111111
1111 111,
12, 39 1111111111ἱὲ 111 11191111 11111111·
12, 99 099’ 1191111 1111111111.
12, 1511 ἐϋπλόκαμος, 1111111 91111,
1111111111
12, 119 1111111111111· 91111 111111111-
1111 11111111

12119 1111111111 1111, 11111111 91111,
1111111 44094,

13,189 111111 ι11111 9111111111 1111711
13, 292 1111 11 ”9111 1111111111.

13317111111111, 9111 9' 1119111111
Ἀχαιούς,

 

