15 111111

ΘΕΘΣ.

ll. 13, 55 1111111111 11 111111 1111111 11ς

13, 68 1111111ς 1111111111111, 111

13,154 11111111 111111 1111111101,

13,632 1111111111 11111 5555· 055 5'

14,189 11611 11111111· 1111111161 1911611,
πρὸς

14, 261 ’1111111111111 91111111111111,

1423311111 1111111111 11 1111111,
11111111111

14, 244 11111111 11111111 111111 1111111
αἰειγενετάων

14, 259 δμήτειρα 611111 11111111

14, 362 Ὠκ111111111 11, 1111111 11111111,

14, 333 11ης 1111111111 111111111111111

14, 342 111111 11111111111111111191,

15,12 1111111 1111111111 1111111111,

15, 33 111 1111111ς 1161111111 1111111 111111,

15,47 11111111 1111111111 1111111111,

15, 54 11111, 11111111 1111111, 11111

15,161 111111 11111111 11111111 1111ς

15,177111111 1111111 12111111, 11 11ς

1

52471111111111111111, 111 1111111111
1111111,·

15126111 11151111 1111111 (11111111 1111-
11111111,

15 93 1111111 55⁷ 0111111 11111111 5555
111111111111111

16, 126 111113111111,111111 1111 111111 1111111

16, 227 11111 11111111111111 61111, 11111111

163881111111111, 61111 1111111 11111
1111111111·

16, 446 111111ς 11111111 121111 1111111111
111111.

17, 338 τ1ς 111111611111,11 11111 1111111.

17,46911’ς 1111 111 31111 1111111111
1111111111

’11514 111111 611111 11 1111111111
1111111

17,5681111111111111 611111111111111111
1111111111.

18167 111ς 111111111311111, 1111 5.

5055.

11 18168111111111111 Λ111ς111111111 11

3111111· 11111

18182 τις 750 111 11111111 1111 11111
101 111111ς

18464 1111111, 1611 611111, 111111
1111111111

18421111311111111 111 111111 11111

111111 11111111.

19,9 1111111111 1111111 11111111 1111111161·

19, 96 1111111111 11111 9111111111 111-

111111·

’ 19, 253 1111111111, 611111111111111ς 55

1111111111, ,

111413 111111 111111111111111111,“ 1111
21156 11111111 1111111111 11111111 11
29, 66 11111 1111111 1111111ξ111111111111.
29, 75 Ὣς 1111111 6111111111 5555
111111·
26,1 18 11111 1111111111 1011111111 111111
26129 55 1111111 111111 5 1111111111
1111111111,
26142 011111 1111111111, 611111 11111
01111 11111111
26265 1111 611111 1111111111 1111111
211332 τίς 5' 1111111111 1111111111 11.
26, 435 1151161111111111111111 11111111,
26 453 τις 111111111111111 5555 1111-
55555559 111111,
21,273111111ς 111 11111111 11111161
1111111111

21, 289 1111 11111 111111 1111111161
1111111,

21299 111111 1111 ῥα 611111 1111111111
11111111

21357 01111 1111111 1111111 11111111
11111111111ζ111,

21, 443 1111111111 1111 “111111,“111’ 1111111111

21, 523 1111111111, 6111111111111111ς
1111111111·

22,15 11111111, 1111111 1101111111
1111111111,

22, 167 11111111 1111111111 11 1111111 11·

 

