444.

19

444.

ll. 21, 434 4144414444 411 3441 4444441-
444 ας 111444.

21, 4113 41α444441444α 4’ 1144444124 3441

22177 4444144444 θ44111141114114κ41444ς
11344444·
22, 21411 4444344144 44κ4144ςἈ344444·

22, 238 4444ς4144444 3441 γλαυκῶπις
Ξ11344444 4·

233112144444444 414141 4143441 ζα 44444· ,

234401443441441,44144441444444
1141414434
23, 78244 44 11414 4444443441 πόδας,

24, 83 4 4444141441144 444 444 Θ4144ς

24,114411Η44434ς 0114 4444441434, 3441
444

24, 1211 444’ 4144134444 3441 Θέτις

1411.1,1114414414441414444, 3441341441
444 Διός,

1, 44 41444414144114444444 3441444444κῶ-

πιςἈθ.
1,15 4444444444, 3441 4' 44 444 4-

44444 4α4144,

4 1,811 4444413441144444443441 44444441-
πιςἈθ.

4 1,1784444ς4144444 444 ,4444 44ης

11344444·

1,2214444ς4144444 3441 4414444144
A4444·

1 ,314 4444441441 41444444 3441 444444441-
4 πιςἈθ.

2 ,382 44414444 3414144444 1444134444·

2 332 444 4441344441· 3441 4 44444441
14444444.

3,13 4444414444 3441 4444441444
1141144444·

325 4444414444 3441 4444441444
1111444444·

32214 4444ς414444 411441 ,4444 444ς
1134444444·

3, 3311 4444414444 344 4444441444
Ἀ3414444·

1411. 3 356 4444414444 3444144444441444ς
4141114444·

41767 44414414 444 4 41144444414444. ,Ἴ

47115 4444434444444444ς434444 . ,

492 44444 4444 3441 4444413444
τράπεζαν,
5,117 Ε144444ς414143414ἒ4,4 444,

5173441444 44 4⁴4 44, 3441, 441414

444,4441444

51 178444 ,44444 4444 τ4αι144ς 44, 412441,
4441444144.

5, ’215 4414444 444, 4444 44444141444144·

5,2651 444414 1111444144 444 44414α44ς
4114444

5, 31414 4444 44 4441444 3441144144 4444444144
444444

5 351 4444444444 3441(Ῐ 44444344 44444
«44·4444

5 424 4441 444441 344434414444441-

444113.Υ

6,13 13444434414144434414444-
44413'44.

6,112 44414444 344144444441444ς141344444,

7,111 4144441414, 444 3441 4444441444ς
11344444,

7,27 4444ςέ4444 3441 ,4444444
,31341444

7,47 414444 344144 4444441444ςἈ341444·

10,3114134144,44 1414414141 44444 11144444
α4144144ςΙ

114343 444 4444 44444 44444144ς 44, 444,
4441444 4144444 4.

1113113 44441444· 44 (1114414444

4441 441444·

111,4811414444414444444,3441 141 4444
44w4'm·

12,1 1211444144 4444444144, 4444,-
· 4444414114

43, 236 4444414444 3441 4444441444
11344444·

13287 4444144444 411 3441 ,4444
4444.

 

